0     0.000000
1     0.034739
2     0.138325
3     0.309338
4     0.546046
5     0.846415
6     1.208128
7     1.628598
8     2.104980
9     2.634197
10     3.212949
11     3.837740
12     4.504892
13     5.210568
14     5.950795
15     6.721478
16     7.518432
17     8.337397
18     9.174059
19     10.024077
20     10.883101
21     11.746793
22     12.610851
23     13.471029
24     14.323155
25     15.163151
26     15.987055
27     16.791035
28     17.571406
29     18.324651
30     19.047431
31     19.736601
32     20.389221
33     21.002573
34     21.574164
35     22.101743
36     22.583301
37     23.017083
38     23.401594
39     23.735597
40     24.018122
41     24.248464
42     24.426182
43     24.551102
44     24.623309
45     24.643147
46     24.611213
47     24.528349
48     24.395636
49     24.214386
50     23.986131
51     23.712615
52     23.395780
53     23.037756
54     22.640846
55     22.207513
56     21.740367
57     21.242150
58     20.715720
59     20.164034
60     19.590135
61     18.997136
62     18.388201
63     17.766530
64     17.135344
65     16.497869
66     15.857318
67     15.216875
68     14.579684
69     13.948830
70     13.327327
71     12.718101
72     12.123982
73     11.547686
74     10.991807
75     10.458802
76     9.950987
77     9.470520
78     9.019399
79     8.599450
80     8.212320
81     7.859477
82     7.542198
83     7.261570
84     7.018486
85     6.813642
86     6.647536
87     6.520472
88     6.432557
89     6.383702
90     6.373631
91     6.401878
92     6.467799
93     6.570571
94     6.709201
95     6.882534
96     7.089258
97     7.327916
98     7.596915
99     7.894531
100     8.218924
